-1.3271299547269408414251756767043843865394592285156250000000000000
0.1083491469114215288715996621249360032379627227783203125000000000
0.1363971086241888563961310865124687552452087402343750000000000000
1.4970994544711924145730108648422174155712127685546875000000000000
0.0531972946291830034448722130946407560259103775024414062500000000
0.4377953966179929934376957589847734197974205017089843750000000000
0.4215976546196348317963042973133269697427749633789062500000000000
0.7911130839653476298778400632727425545454025268554687500000000000
0.2920536276318093094062078307615593075752258300781250000000000000
0.0415919315276651116453088263824611203745007514953613281250000000
0.2641557900278960202555822434078436344861984252929687500000000000
0.6410346070847170452111640770453959703445434570312500000000000000
1.1643349567705008063001059781527146697044372558593750000000000000
-0.4206859165052004301266208585730055347084999084472656250000000000
-0.6304800871376353699204742042638827115297317504882812500000000000
0.5905917350147005251415066595654934644699096679687500000000000000
-0.0675160501030199478034177218432887457311153411865234375000000000
-0.3655801860753670196046982709958683699369430541992187500000000000
0.8413769444753671500336622557369992136955261230468750000000000000
0.0008253095259492455090105655912680049368645995855331420898437500
-0.0451889491568251006059497854039364028722047805786132812500000000
0.6656873117538243400659325743617955595254898071289062500000000000
0.2548321581373457211938671207462903112173080444335937500000000000
1.0506864253946681664331208594376221299171447753906250000000000000
0.5469195802683046725434223844786174595355987548828125000000000000
-0.2804889883331453392933951818122295662760734558105468750000000000
0.4213018222223369191326014515652786940336227416992187500000000000
0.3512885116453535183644873995945090427994728088378906250000000000
-0.2291932283809518244854785962161258794367313385009765625000000000
-0.3428644481651690334444992913631722331047058105468750000000000000
-0.0644953191977281625746343252103542909026145935058593750000000000
1.8019457467127026895070684986421838402748107910156250000000000000
-0.8726283329803482535780290163529571145772933959960937500000000000
0.0025159588913751299542320705171505323960445821285247802734375000
0.6245942869300453725855959419277496635913848876953125000000000000
1.1900131348946076936812232816009782254695892333984375000000000000
-0.2851451560365846904510078729799715802073478698730468750000000000
-0.2742582536359713940576909863011678680777549743652343750000000000
0.1558507324515789327357140336971497163176536560058593750000000000
1.8899024204477317123718194125103764235973358154296875000000000000
